순위,종목명,검색비율,현재가,전일비,등락률,거래량,시가,고가,저가,PER,ROE
1,삼성전자,13.05%,58,100,하락900,-1.53%,17,233,602,58,800,58,900,58,000,14.20,4.15
2,한켐,4.59%,25,300,상승7,300,+40.56%,19,219,621,32,500,33,300,24,850,N/A,24.14
3,루미르,3.31%,14,840,하락70,-0.47%,25,713,391,13,760,15,940,12,390,-35.00,-24.89
4,SK하이닉스,3.12%,190,700,하락200,-0.10%,2,305,538,195,300,195,300,189,800,55.57,-15.61
5,두산에너빌리티,3.04%,20,600,하락50,-0.24%,11,195,670,20,300,21,300,20,000,83.06,0.78
6,유한양행,2.39%,154,500,하락5,500,-3.44%,1,470,932,160,000,160,000,153,800,83.88,6.74
7,샤페론,2.34%,4,285,상승595,+16.12%,15,424,058,3,760,4,595,3,520,-6.54,N/A
8,와이제이링크,2.26%,16,720,하락2,540,-13.19%,7,685,415,18,100,19,000,15,750,24.48,21.09
9,카카오,2.02%,37,500,하락1,900,-4.82%,1,206,384,39,300,39,350,37,500,-17.15,-10.26
10,YG PLUS,1.95%,4,325,상승845,+24.28%,22,158,710,3,995,4,520,3,865,42.40,14.12
11,POSCO홀딩스,1.77%,331,000,하락12,500,-3.64%,197,265,340,500,342,000,331,000,20.70,3.18
12,현대차,1.52%,236,000,하락1,000,-0.42%,297,005,236,000,239,000,232,500,5.12,13.68
13,기아,1.44%,92,100,하락2,900,-3.05%,1,378,216,93,600,94,100,92,100,3.85,20.44
14,에코프로비엠,1.44%,157,400,하락7,500,-4.55%,300,229,163,700,164,800,157,300,-97.95,-0.64
15,NAVER,1.38%,172,000,하락4,800,-2.71%,453,633,176,900,177,100,171,300,18.22,4.41
16,동서,1.37%,25,300,상한가5,830,+29.94%,2,115,539,20,000,25,300,19,830,15.17,9.23
17,에코프로,1.33%,76,700,하락3,700,-4.60%,612,990,80,300,80,300,76,700,-84.94,3.43
18,셀트리온,1.26%,187,900,하락3,800,-1.98%,360,679,191,300,192,500,187,500,106.16,5.07
19,알테오젠,1.17%,383,000,하락14,500,-3.65%,392,424,399,500,402,000,380,500,-15,958.30,-2.27
20,한화인더스트리얼솔루션즈,1.11%,37,100,하락2,300,-5.84%,2,312,983,39,400,39,650,36,850,N/A,N/A
21,HLB,1.10%,69,500,하락1,400,-1.97%,469,359,70,500,70,700,69,400,-42.82,-32.55
22,한미반도체,1.05%,100,100,하락1,400,-1.38%,642,386,103,400,104,200,99,800,61.71,55.54
23,리가켐바이오,1.05%,131,400,상승700,+0.54%,691,939,130,700,139,600,129,700,-117.32,-40.08
24,한세예스24홀딩스,1.02%,5,050,상승100,+2.02%,8,587,535,4,875,5,860,4,795,4.17,12.30
25,LG에너지솔루션,1.01%,382,500,하락7,000,-1.80%,144,297,386,500,388,000,376,500,-532.73,6.36
26,한일단조,0.98%,2,720,상승445,+19.56%,36,687,703,2,455,2,855,2,405,18.50,6.46
27,펩트론,0.98%,92,300,하락3,200,-3.35%,761,596,97,000,97,500,91,800,-100.22,-35.69
28,한국전력,0.97%,21,700,상승450,+2.12%,1,763,813,21,350,21,950,21,300,5.25,-12.63
29,현대모비스,0.96%,248,500,상승4,500,+1.84%,166,801,241,000,249,500,240,000,6.65,8.73
30,두산로보틱스,0.94%,67,300,하락4,300,-6.01%,697,820,70,800,71,900,67,100,-313.02,-6.59
